-50.688 -14.848 -0.5 15
-50.688 -13.824 -0.5 15
-50.688 -13.824 0.5 15
-50.688 -12.8 -0.5 15
-50.688 -12.8 0.5 15
-50.688 -12.8 1.5 15
-50.688 -12.8 2.5 15
-50.688 -11.776 -1.5 15
-50.688 -11.776 -0.5 15
-50.688 -11.776 0.5 15
-50.688 -11.776 1.5 15
-50.688 -11.776 2.5 15
-50.688 -10.752 -2.5 15
-50.688 -10.752 -1.5 15
-50.688 -10.752 -0.5 15
-50.688 -10.752 0.5 15
-50.688 -10.752 1.5 15
-50.688 -10.752 2.5 15
-50.688 -9.728 -2.5 15
-50.688 -9.728 -1.5 15
-50.688 -9.728 -0.5 15
-50.688 -9.728 0.5 15
-50.688 -9.728 1.5 15
-50.688 -8.704 -2.5 15
-50.688 -8.704 -1.5 15
-50.688 -8.704 -0.5 15
-50.688 -8.704 0.5 15
-50.688 -8.704 1.5 15
-50.688 -8.704 2.5 15
-50.688 -7.68 -2.5 15
-50.688 -7.68 -1.5 15
-50.688 -7.68 -0.5 15
-50.688 -7.68 0.5 15
-50.688 -7.68 1.5 15
-50.688 -7.68 2.5 15
-50.688 -6.656 -2.5 15
-50.688 -6.656 -1.5 15
-50.688 -6.656 -0.5 15
-50.688 -6.656 0.5 15
-50.688 -6.656 1.5 15
-50.688 -6.656 2.5 15
-50.688 -5.632 -2.5 15
-50.688 -5.632 -1.5 15
-50.688 -5.632 -0.5 15
-50.688 -5.632 0.5 15
-50.688 -5.632 1.5 15
-50.688 -5.632 2.5 15
-50.688 -4.608 -1.5 15
-50.688 -4.608 -0.5 15
-50.688 -4.608 0.5 15
-50.688 -4.608 1.5 15
-50.688 -4.608 2.5 15
-50.688 -3.584 -1.5 15
-50.688 -3.584 -0.5 15
-50.688 -3.584 0.5 15
-50.688 -3.584 1.5 15
-50.688 -3.584 2.5 15
-50.688 -2.56 -1.5 15
-50.688 -2.56 -0.5 15
-50.688 -2.56 0.5 15
-50.688 -2.56 1.5 15
-50.688 -2.56 2.5 15
-50.688 -1.536 -0.5 15
-50.688 -1.536 0.5 15
-50.688 -1.536 1.5 15
-50.688 -1.536 2.5 15
-50.688 -0.511997 2.5 15
-50.688 3.584 -0.5 15
-50.688 3.584 2.5 15
-50.688 4.608 -1.5 15
-50.688 4.608 -0.5 15
-50.688 4.608 0.5 15
-50.688 4.608 1.5 15
-50.688 4.608 2.5 15
-50.688 5.632 -2.5 15
-50.688 5.632 -1.5 15
-50.688 5.632 -0.5 15
-50.688 5.632 0.5 15
-50.688 5.632 1.5 15
-50.688 5.632 2.5 15
-50.688 6.656 -2.5 15
-50.688 6.656 -1.5 15
-50.688 6.656 -0.5 15
-50.688 6.656 0.5 15
-50.688 6.656 1.5 15
-50.688 6.656 2.5 15
-50.688 7.68 -1.5 15
-50.688 7.68 -0.5 15
-50.688 7.68 0.5 15
-50.688 7.68 1.5 15
-50.688 7.68 2.5 15
-50.688 8.704 -1.5 15
-50.688 8.704 -0.5 15
-50.688 8.704 0.5 15
-50.688 8.704 1.5 15
-50.688 8.704 2.5 15
-50.688 9.728 -1.5 15
-50.688 9.728 -0.5 15
-50.688 9.728 0.5 15
-50.688 9.728 1.5 15
-50.688 9.728 2.5 15
-50.688 10.752 -0.5 15
-50.688 10.752 0.5 15
-50.688 10.752 1.5 15
-50.688 10.752 2.5 15
-50.688 11.776 2.5 15
-50.688 12.8 2.5 15
-50.688 13.824 2.5 15
-50.688 14.848 2.5 15
-50.688 15.872 2.5 15
-50.688 50.688 2.5 16
-48.64 9.728 -1.5 15
-48.64 9.728 -0.5 15
-47.616 8.704 -1.5 15
-47.616 9.728 -1.5 15
-47.616 9.728 -0.5 15
-47.616 9.728 0.5 15
-46.592 8.704 -1.5 15
-46.592 8.704 -0.5 15
-46.592 9.728 -1.5 15
-46.592 9.728 -0.5 15
-46.592 10.752 -1.5 15
-46.592 10.752 -0.5 15
-46.592 11.776 -1.5 15
-45.568 8.704 -0.5 15
-45.568 9.728 -0.5 15
-42.496 10.752 -0.5 15
-42.496 50.688 2.5 16
-41.472 50.688 2.5 16
-40.448 50.688 2.5 16
-39.424 50.688 2.5 16
-33.28 50.688 2.5 16
-32.256 50.688 2.5 16
-31.232 50.688 2.5 16
-30.208 50.688 2.5 16
-29.184 50.688 2.5 16
-25.088 50.688 2.5 16
-24.064 50.688 2.5 16
-23.04 50.688 2.5 16
-22.016 50.688 2.5 16
-20.992 50.688 2.5 16
-19.968 50.688 2.5 16
-18.944 50.688 2.5 14
-17.92 50.688 2.5 16
-16.896 50.688 2.5 16
-15.872 -15.872 2.5 16
-15.872 50.688 2.5 16
-14.848 0.512001 -0.5 16
-14.848 0.512001 1.5 16
-14.848 50.688 1.5 14
-14.848 50.688 2.5 16
-13.824 -33.28 2.5 16
-13.824 -32.256 2.5 16
-13.824 -16.896 2.5 16
-13.824 -0.511997 1.5 16
-13.824 0.512001 1.5 16
-13.824 22.016 2.5 16
-13.824 50.688 2.5 14
-12.8 -50.688 2.5 15
-12.8 -33.28 2.5 16
-12.8 -32.256 2.5 16
-12.8 -31.232 2.5 16
-12.8 -30.208 2.5 16
-12.8 -29.184 2.5 16
-12.8 -10.752 -1.5 16
-12.8 -10.752 -0.5 16
-12.8 -10.752 0.5 16
-12.8 -9.728 -1.5 16
-12.8 -9.728 -0.5 16
-12.8 -8.704 -1.5 16
-12.8 -7.68 -1.5 16
-12.8 -4.608 -1.5 16
-12.8 -4.608 -0.5 16
-12.8 -3.584 -1.5 16
-12.8 -0.511997 -0.5 16
-12.8 -0.511997 0.5 16
-12.8 0.512001 -1.5 16
-12.8 0.512001 -0.5 16
-12.8 2.56 -1.5 16
-12.8 8.704 -0.5 16
-12.8 9.728 -0.5 16
-12.8 9.728 0.5 16
-12.8 9.728 1.5 16
-12.8 10.752 -0.5 16
-12.8 10.752 0.5 16
-12.8 10.752 1.5 16
-12.8 11.776 -0.5 16
-12.8 12.8 -0.5 16
-12.8 16.896 -0.5 16
-12.8 17.92 -0.5 16
-12.8 18.944 -0.5 16
-12.8 50.688 2.5 16
-11.776 -50.688 2.5 15
-11.776 -34.304 2.5 16
-11.776 -33.28 2.5 16
-11.776 -32.256 2.5 16
-11.776 -31.232 2.5 16
-11.776 -30.208 2.5 16
-11.776 -29.184 2.5 16
-11.776 -28.16 2.5 16
-11.776 -27.136 2.5 16
-11.776 -13.824 0.5 16
-11.776 -10.752 -0.5 16
-11.776 -9.728 -1.5 16
-11.776 -9.728 -0.5 16
-11.776 -8.704 -1.5 16
-11.776 -8.704 -0.5 16
-11.776 -7.68 -1.5 16
-11.776 -7.68 -0.5 16
-11.776 -6.656 -1.5 16
-11.776 -6.656 -0.5 16
-11.776 -5.632 -1.5 16
-11.776 -5.632 -0.5 16
-11.776 -4.608 -1.5 16
-11.776 -4.608 -0.5 16
-11.776 -3.584 -2.5 16
-11.776 -3.584 -1.5 16
-11.776 -3.584 -0.5 16
-11.776 -3.584 0.5 16
-11.776 -2.56 -1.5 16
-11.776 -0.511997 -0.5 16
-11.776 -0.511997 0.5 16
-11.776 -0.511997 1.5 16
-11.776 0.512001 -1.5 16
-11.776 0.512001 -0.5 16
-11.776 0.512001 0.5 16
-11.776 0.512001 1.5 16
-11.776 1.536 -1.5 16
-11.776 2.56 -1.5 16
-11.776 2.56 -0.5 16
-11.776 3.584 -1.5 16
-11.776 3.584 -0.5 16
-11.776 4.608 -1.5 16
-11.776 4.608 -0.5 16
-11.776 5.632 -1.5 16
-11.776 5.632 -0.5 16
-11.776 7.68 -0.5 16
-11.776 8.704 -0.5 16
-11.776 8.704 0.5 16
-11.776 8.704 1.5 16
-11.776 9.728 -0.5 16
-11.776 9.728 0.5 16
-11.776 9.728 1.5 16
-11.776 10.752 -0.5 16
-11.776 10.752 0.5 16
-11.776 11.776 -0.5 16
-11.776 12.8 -0.5 16
-11.776 15.872 -0.5 16
-11.776 16.896 -0.5 16
-11.776 17.92 -0.5 16
-11.776 18.944 -0.5 16
-11.776 18.944 0.5 16
-11.776 19.968 -1.5 16
-11.776 19.968 -0.5 16
-11.776 20.992 -0.5 16
-11.776 20.992 0.5 16
-11.776 20.992 2.5 16
-11.776 22.016 -0.5 16
-11.776 22.016 0.5 16
-11.776 22.016 2.5 16
-11.776 23.04 -0.5 16
-11.776 24.064 -0.5 16
-11.776 25.088 -0.5 16
-11.776 25.088 2.5 16
-11.776 50.688 2.5 16
-10.752 -50.688 2.5 15
-10.752 -33.28 2.5 16
-10.752 -32.256 2.5 16
-10.752 -31.232 2.5 16
-10.752 -30.208 0.5 16
-10.752 -30.208 1.5 16
-10.752 -30.208 2.5 16
-10.752 -29.184 0.5 16
-10.752 -29.184 1.5 16
-10.752 -29.184 2.5 16
-10.752 -28.16 1.5 16
-10.752 -28.16 2.5 16
-10.752 -27.136 1.5 16
-10.752 -27.136 2.5 16
-10.752 -26.112 2.5 16
-10.752 -9.728 -1.5 16
-10.752 -8.704 -1.5 16
-10.752 -7.68 -2.5 16
-10.752 -7.68 -1.5 16
-10.752 -6.656 -2.5 16
-10.752 -6.656 -1.5 16
-10.752 -5.632 -2.5 16
-10.752 -5.632 -1.5 16
-10.752 -4.608 -2.5 16
-10.752 -4.608 -1.5 16
-10.752 -3.584 -2.5 14
-10.752 -3.584 -1.5 16
-10.752 -2.56 -1.5 16
-10.752 0.512001 -2.5 14
-10.752 0.512001 -1.5 16
-10.752 0.512001 -0.5 16
-10.752 1.536 -2.5 14
-10.752 1.536 -1.5 16
-10.752 2.56 -1.5 16
-10.752 3.584 -1.5 16
-10.752 3.584 -0.5 16
-10.752 4.608 -1.5 16
-10.752 4.608 -0.5 16
-10.752 5.632 -1.5 16
-10.752 7.68 -0.5 16
-10.752 7.68 0.5 16
-10.752 7.68 1.5 16
-10.752 8.704 -0.5 16
-10.752 8.704 0.5 16
-10.752 8.704 1.5 16
-10.752 9.728 -0.5 16
-10.752 10.752 -0.5 16
-10.752 14.848 -0.5 16
-10.752 15.872 -1.5 16
-10.752 15.872 -0.5 16
-10.752 16.896 -1.5 16
-10.752 16.896 -0.5 16
-10.752 17.92 -1.5 16
-10.752 17.92 -0.5 16
-10.752 18.944 -1.5 16
-10.752 18.944 -0.5 16
-10.752 19.968 -1.5 16
-10.752 19.968 -0.5 16
-10.752 20.992 -1.5 16
-10.752 20.992 -0.5 16
-10.752 22.016 -1.5 16
-10.752 22.016 -0.5 16
-10.752 23.04 -0.5 16
-10.752 23.04 0.5 16
-10.752 50.688 2.5 16
-9.728 -50.688 0.5 15
-9.728 -50.688 1.5 15
-9.728 -50.688 2.5 15
-9.728 -34.304 2.5 16
-9.728 -33.28 2.5 16
-9.728 -32.256 2.5 16
-9.728 -31.232 2.5 16
-9.728 -30.208 1.5 16
-9.728 -30.208 2.5 16
-9.728 -29.184 -1.5 16
-9.728 -29.184 1.5 16
-9.728 -29.184 2.5 16
-9.728 -28.16 1.5 16
-9.728 -28.16 2.5 16
-9.728 -27.136 1.5 16
-9.728 -27.136 2.5 16
-9.728 -26.112 1.5 16
-9.728 -26.112 2.5 16
-9.728 -25.088 2.5 16
-9.728 -8.704 -2.5 4
-9.728 -8.704 -1.5 4
-9.728 -7.68 -2.5 14
-9.728 -6.656 -2.5 14
-9.728 -6.656 -1.5 16
-9.728 -5.632 -2.5 14
-9.728 -5.632 -1.5 15
-9.728 -4.608 -2.5 14
-9.728 -4.608 -1.5 15
-9.728 -3.584 -2.5 14
-9.728 -2.56 -2.5 11
-9.728 0.512001 -2.5 14
-9.728 0.512001 -1.5 16
-9.728 0.512001 -0.5 16
-9.728 1.536 -2.5 14
-9.728 1.536 -1.5 16
-9.728 2.56 -2.5 14
-9.728 2.56 -1.5 16
-9.728 3.584 -2.5 14
-9.728 3.584 -1.5 16
-9.728 4.608 -2.5 14
-9.728 4.608 -1.5 16
-9.728 7.68 0.5 16
-9.728 13.824 -0.5 16
-9.728 17.92 -1.5 16
-9.728 18.944 -1.5 10
-9.728 19.968 -0.5 16
-9.728 20.992 -0.5 16
-9.728 22.016 -0.5 16
-9.728 50.688 2.5 16
-8.704 -50.688 -0.5 15
-8.704 -50.688 0.5 15
-8.704 -50.688 1.5 15
-8.704 -50.688 2.5 15
-8.704 -35.328 2.5 16
-8.704 -34.304 2.5 16
-8.704 -33.28 2.5 16
-8.704 -32.256 2.5 16
-8.704 -31.232 1.5 16
-8.704 -31.232 2.5 16
-8.704 -30.208 -1.5 16
-8.704 -30.208 1.5 16
-8.704 -30.208 2.5 16
-8.704 -29.184 -1.5 16
-8.704 -29.184 1.5 16
-8.704 -29.184 2.5 16
-8.704 -28.16 -1.5 16
-8.704 -28.16 1.5 16
-8.704 -28.16 2.5 16
-8.704 -27.136 1.5 16
-8.704 -27.136 2.5 16
-8.704 -26.112 1.5 16
-8.704 -26.112 2.5 16
-8.704 -25.088 1.5 16
-8.704 -25.088 2.5 16
-8.704 -9.728 -1.5 4
-8.704 -8.704 -2.5 4
-8.704 -8.704 -1.5 4
-8.704 -7.68 -2.5 14
-8.704 -6.656 -2.5 14
-8.704 -6.656 -1.5 16
-8.704 -5.632 -2.5 14
-8.704 -4.608 -2.5 14
-8.704 -3.584 -2.5 11
-8.704 -2.56 -2.5 11
-8.704 -1.536 -1.5 4
-8.704 -0.511997 -1.5 4
-8.704 0.512001 -2.5 14
-8.704 1.536 -2.5 14
-8.704 2.56 -2.5 14
-8.704 3.584 -2.5 14
-8.704 3.584 -1.5 4
-8.704 4.608 -2.5 11
-8.704 4.608 -1.5 4
-8.704 17.92 -1.5 10
-8.704 17.92 -0.5 10
-8.704 18.944 -1.5 10
-8.704 18.944 -0.5 10
-8.704 19.968 -1.5 10
-8.704 50.688 2.5 16
-7.68 -50.688 -0.5 15
-7.68 -50.688 0.5 15
-7.68 -50.688 1.5 15
-7.68 -50.688 2.5 15
-7.68 -36.352 2.5 16
-7.68 -35.328 2.5 16
-7.68 -34.304 2.5 16
-7.68 -33.28 2.5 16
-7.68 -32.256 2.5 16
-7.68 -31.232 0.5 16
-7.68 -31.232 1.5 16
-7.68 -31.232 2.5 16
-7.68 -30.208 0.5 16
-7.68 -30.208 1.5 16
-7.68 -30.208 2.5 16
-7.68 -29.184 1.5 16
-7.68 -29.184 2.5 16
-7.68 -28.16 1.5 16
-7.68 -28.16 2.5 16
-7.68 -27.136 -2.5 14
-7.68 -27.136 1.5 16
-7.68 -27.136 2.5 16
-7.68 -26.112 -2.5 13
-7.68 -26.112 2.5 16
-7.68 -25.088 2.5 16
-7.68 -13.824 -1.5 4
-7.68 -11.776 -1.5 4
-7.68 -9.728 -1.5 4
-7.68 -8.704 -2.5 4
-7.68 -8.704 -1.5 4
-7.68 -7.68 -2.5 14
-7.68 -6.656 -2.5 14
-7.68 -6.656 -1.5 16
-7.68 -6.656 -0.5 16
-7.68 -6.656 0.5 16
-7.68 -5.632 -2.5 14
-7.68 -5.632 -0.5 16
-7.68 -4.608 -2.5 14
-7.68 -3.584 -2.5 11
-7.68 -2.56 -2.5 11
-7.68 -1.536 -1.5 4
-7.68 -1.536 -0.5 4
-7.68 -0.511997 -1.5 4
-7.68 -0.511997 -0.5 4
-7.68 0.512001 -2.5 11
-7.68 1.536 -2.5 11
-7.68 2.56 -2.5 14
-7.68 3.584 -2.5 14
-7.68 3.584 -1.5 4
-7.68 4.608 -2.5 11
-7.68 4.608 -1.5 4
-7.68 4.608 -0.5 4
-7.68 16.896 -1.5 10
-7.68 17.92 -1.5 10
-7.68 17.92 -0.5 10
-7.68 18.944 -1.5 10
-7.68 18.944 -0.5 10
-7.68 25.088 2.5 16
-7.68 26.112 2.5 16
-7.68 27.136 2.5 16
-7.68 28.16 2.5 16
-7.68 50.688 2.5 16
-6.656 -50.688 -0.5 15
-6.656 -50.688 0.5 15
-6.656 -50.688 1.5 15
-6.656 -50.688 2.5 15
-6.656 -34.304 2.5 16
-6.656 -33.28 2.5 16
-6.656 -32.256 2.5 16
-6.656 -31.232 2.5 16
-6.656 -30.208 2.5 16
-6.656 -29.184 -1.5 6
-6.656 -29.184 2.5 16
-6.656 -28.16 -1.5 6
-6.656 -28.16 2.5 16
-6.656 -27.136 -1.5 6
-6.656 -27.136 2.5 16
-6.656 -26.112 2.5 16
-6.656 -25.088 2.5 16
-6.656 -15.872 -1.5 4
-6.656 -14.848 -1.5 4
-6.656 -13.824 -2.5 4
-6.656 -13.824 -1.5 4
-6.656 -12.8 -1.5 4
-6.656 -11.776 -1.5 4
-6.656 -10.752 -1.5 4
-6.656 -9.728 -1.5 4
-6.656 -8.704 -2.5 4
-6.656 -8.704 -1.5 4
-6.656 -7.68 -2.5 14
-6.656 -7.68 -1.5 4
-6.656 -6.656 -2.5 14
-6.656 -6.656 -0.5 16
-6.656 -6.656 0.5 16
-6.656 -5.632 -2.5 14
-6.656 -4.608 -2.5 14
-6.656 -3.584 -2.5 11
-6.656 -2.56 -2.5 11
-6.656 -1.536 -2.5 11
-6.656 -1.536 -1.5 4
-6.656 -1.536 -0.5 4
-6.656 -0.511997 -1.5 4
-6.656 -0.511997 -0.5 4
-6.656 0.512001 -2.5 14
-6.656 1.536 -2.5 14
-6.656 2.56 -2.5 14
-6.656 3.584 -2.5 14
-6.656 3.584 -1.5 4
-6.656 3.584 -0.5 4
-6.656 4.608 -2.5 11
-6.656 4.608 -1.5 4
-6.656 4.608 -0.5 4
-6.656 7.68 -1.5 4
-6.656 7.68 -0.5 4
-6.656 13.824 -1.5 14
-6.656 16.896 -1.5 14
-6.656 17.92 -1.5 10
-6.656 17.92 -0.5 10
-6.656 18.944 -1.5 10
-6.656 18.944 -0.5 10
-6.656 19.968 -1.5 10
-6.656 25.088 2.5 16
-6.656 26.112 2.5 16
-6.656 27.136 2.5 16
-6.656 50.688 2.5 16
-5.632 -50.688 -0.5 15
-5.632 -50.688 0.5 15
-5.632 -50.688 1.5 15
-5.632 -50.688 2.5 15
-5.632 -30.208 2.5 16
-5.632 -29.184 -1.5 6
-5.632 -29.184 2.5 16
-5.632 -28.16 -1.5 6
-5.632 -27.136 -1.5 6
-5.632 -27.136 2.5 16
-5.632 -26.112 -1.5 6
-5.632 -26.112 2.5 16
-5.632 -25.088 -1.5 6
-5.632 -25.088 2.5 16
-5.632 -22.016 -2.5 13
-5.632 -20.992 -2.5 11
-5.632 -16.896 -2.5 4
-5.632 -16.896 -1.5 4
-5.632 -15.872 -2.5 4
-5.632 -15.872 -1.5 4
-5.632 -14.848 -2.5 11
-5.632 -14.848 -1.5 4
-5.632 -13.824 -2.5 4
-5.632 -13.824 -1.5 4
-5.632 -12.8 -2.5 11
-5.632 -12.8 -1.5 4
-5.632 -11.776 -2.5 11
-5.632 -11.776 -1.5 4
-5.632 -10.752 -2.5 11
-5.632 -10.752 -1.5 4
-5.632 -9.728 -2.5 11
-5.632 -9.728 -1.5 4
-5.632 -8.704 -2.5 4
-5.632 -8.704 -1.5 4
-5.632 -7.68 -2.5 14
-5.632 -6.656 -2.5 14
-5.632 -5.632 -2.5 14
-5.632 -4.608 -2.5 11
-5.632 -3.584 -2.5 11
-5.632 -2.56 -2.5 11
-5.632 -1.536 -2.5 11
-5.632 -1.536 -1.5 4
-5.632 -0.511997 -2.5 11
-5.632 -0.511997 -1.5 4
-5.632 0.512001 -2.5 11
-5.632 0.512001 -1.5 4
-5.632 1.536 -2.5 14
-5.632 2.56 -2.5 14
-5.632 3.584 -2.5 14
-5.632 3.584 -1.5 4
-5.632 3.584 -0.5 4
-5.632 4.608 -2.5 11
-5.632 4.608 -1.5 4
-5.632 4.608 -0.5 4
-5.632 5.632 -2.5 11
-5.632 5.632 -1.5 4
-5.632 5.632 -0.5 4
-5.632 6.656 -2.5 11
-5.632 6.656 -1.5 4
-5.632 7.68 -2.5 11
-5.632 7.68 -1.5 4
-5.632 10.752 -1.5 14
-5.632 14.848 -1.5 14
-5.632 16.896 -1.5 14
-5.632 17.92 -1.5 10
-5.632 17.92 -0.5 10
-5.632 18.944 -1.5 10
-5.632 18.944 -0.5 10
-5.632 19.968 -1.5 10
-5.632 19.968 -0.5 10
-5.632 31.232 -1.5 14
-5.632 50.688 0.5 16
-5.632 50.688 2.5 16
-4.608 -50.688 -0.5 15
-4.608 -50.688 0.5 15
-4.608 -50.688 1.5 15
-4.608 -50.688 2.5 15
-4.608 -29.184 -1.5 6
-4.608 -28.16 -1.5 6
-4.608 -27.136 -1.5 6
-4.608 -26.112 -1.5 6
-4.608 -25.088 -1.5 6
-4.608 -22.016 -2.5 11
-4.608 -20.992 -2.5 11
-4.608 -14.848 -2.5 11
-4.608 -13.824 -2.5 11
-4.608 -12.8 -2.5 11
-4.608 -11.776 -2.5 11
-4.608 -10.752 -2.5 11
-4.608 -9.728 -2.5 11
-4.608 -8.704 -2.5 11
-4.608 -8.704 -1.5 4
-4.608 -7.68 -2.5 11
-4.608 -6.656 -2.5 11
-4.608 -5.632 -2.5 11
-4.608 -4.608 -2.5 11
-4.608 -3.584 -2.5 11
-4.608 -2.56 -2.5 11
-4.608 -1.536 -2.5 11
-4.608 -1.536 -1.5 4
-4.608 -0.511997 -2.5 11
-4.608 -0.511997 -1.5 4
-4.608 0.512001 -2.5 11
-4.608 1.536 -2.5 14
-4.608 2.56 -2.5 14
-4.608 3.584 -2.5 14
-4.608 3.584 -1.5 4
-4.608 4.608 -2.5 11
-4.608 4.608 -1.5 4
-4.608 4.608 -0.5 4
-4.608 5.632 -2.5 11
-4.608 5.632 -1.5 4
-4.608 6.656 -2.5 11
-4.608 6.656 -1.5 4
-4.608 7.68 -2.5 11
-4.608 7.68 -1.5 4
-4.608 8.704 -2.5 11
-4.608 8.704 -1.5 14
-4.608 9.728 -2.5 14
-4.608 9.728 -1.5 14
-4.608 10.752 -1.5 14
-4.608 11.776 -1.5 14
-4.608 14.848 -1.5 14
-4.608 16.896 -1.5 14
-4.608 17.92 -1.5 10
-4.608 17.92 -0.5 10
-4.608 18.944 -1.5 10
-4.608 18.944 -0.5 10
-4.608 19.968 -1.5 10
-4.608 19.968 -0.5 10
-4.608 24.064 -1.5 14
-4.608 25.088 -1.5 14
-4.608 30.208 -1.5 14
-4.608 31.232 -1.5 14
-4.608 32.256 -1.5 14
-4.608 50.688 0.5 16
-4.608 50.688 2.5 16
-3.584 -50.688 -0.5 15
-3.584 -50.688 0.5 15
-3.584 -50.688 1.5 15
-3.584 -50.688 2.5 15
-3.584 -33.28 2.5 16
-3.584 -32.256 2.5 16
-3.584 -29.184 -1.5 6
-3.584 -28.16 -1.5 6
-3.584 -27.136 -1.5 6
-3.584 -26.112 -2.5 6
-3.584 -26.112 -1.5 6
-3.584 -25.088 -2.5 6
-3.584 -25.088 -1.5 6
-3.584 -24.064 -1.5 6
-3.584 -20.992 -2.5 11
-3.584 -16.896 -2.5 11
-3.584 -14.848 -2.5 11
-3.584 -13.824 -2.5 11
-3.584 -12.8 -2.5 11
-3.584 -11.776 -2.5 11
-3.584 -10.752 -2.5 11
-3.584 -9.728 -2.5 11
-3.584 -8.704 -2.5 11
-3.584 -7.68 -2.5 11
-3.584 -6.656 -2.5 11
-3.584 -5.632 -2.5 11
-3.584 -4.608 -2.5 11
-3.584 -3.584 -2.5 11
-3.584 -2.56 -2.5 11
-3.584 -1.536 -2.5 11
-3.584 -0.511997 -2.5 11
-3.584 0.512001 -2.5 11
-3.584 1.536 -2.5 11
-3.584 2.56 -2.5 11
-3.584 3.584 -2.5 11
-3.584 4.608 -2.5 11
-3.584 5.632 -2.5 11
-3.584 6.656 -2.5 11
-3.584 7.68 -2.5 11
-3.584 8.704 -2.5 11
-3.584 9.728 -2.5 11
-3.584 10.752 -2.5 11
-3.584 12.8 -2.5 11
-3.584 14.848 -1.5 11
-3.584 15.872 -1.5 14
-3.584 16.896 -1.5 14
-3.584 17.92 -1.5 14
-3.584 18.944 -1.5 14
-3.584 25.088 -1.5 14
-3.584 50.688 0.5 16
-3.584 50.688 2.5 16
-2.56 -50.688 -0.5 15
-2.56 -50.688 0.5 15
-2.56 -50.688 1.5 15
-2.56 -50.688 2.5 15
-2.56 -38.4 2.5 16
-2.56 -37.376 2.5 16
-2.56 -36.352 2.5 16
-2.56 -35.328 2.5 16
-2.56 -34.304 2.5 16
-2.56 -33.28 2.5 16
-2.56 -32.256 2.5 16
-2.56 -31.232 2.5 16
-2.56 -29.184 -1.5 6
-2.56 -28.16 -1.5 6
-2.56 -27.136 -1.5 6
-2.56 -26.112 -1.5 6
-2.56 -25.088 -1.5 6
-2.56 -20.992 -2.5 11
-2.56 -16.896 -2.5 11
-2.56 -14.848 -2.5 11
-2.56 -13.824 -2.5 11
-2.56 -12.8 -2.5 11
-2.56 -11.776 -2.5 11
-2.56 -10.752 -2.5 11
-2.56 -9.728 -2.5 11
-2.56 -8.704 -2.5 11
-2.56 -7.68 -2.5 11
-2.56 -6.656 -2.5 11
-2.56 -5.632 -2.5 11
-2.56 -4.608 -2.5 11
-2.56 -3.584 -2.5 11
-2.56 2.56 -2.5 11
-2.56 3.584 -2.5 11
-2.56 4.608 -2.5 11
-2.56 5.632 -2.5 11
-2.56 6.656 -2.5 11
-2.56 7.68 -2.5 11
-2.56 8.704 -2.5 11
-2.56 9.728 -2.5 11
-2.56 10.752 -2.5 11
-2.56 12.8 -1.5 11
-2.56 14.848 -1.5 11
-2.56 18.944 -1.5 11
-2.56 26.112 -1.5 11
-2.56 50.688 0.5 16
-2.56 50.688 2.5 16
-1.536 -50.688 -0.5 15
-1.536 -50.688 0.5 15
-1.536 -50.688 1.5 15
-1.536 -50.688 2.5 15
-1.536 -38.4 2.5 16
-1.536 -37.376 2.5 16
-1.536 -36.352 2.5 16
-1.536 -35.328 2.5 16
-1.536 -34.304 2.5 16
-1.536 -33.28 2.5 16
-1.536 -32.256 2.5 16
-1.536 -31.232 2.5 16
-1.536 -30.208 2.5 16
-1.536 -29.184 -1.5 6
-1.536 -28.16 -1.5 6
-1.536 -27.136 -1.5 6
-1.536 -26.112 -1.5 6
-1.536 -25.088 -1.5 6
-1.536 -20.992 -2.5 11
-1.536 -17.92 -2.5 11
-1.536 -16.896 -2.5 11
-1.536 -14.848 -2.5 11
-1.536 -12.8 -2.5 11
-1.536 -11.776 -2.5 11
-1.536 -10.752 -2.5 11
-1.536 -9.728 -2.5 11
-1.536 -8.704 -2.5 11
-1.536 -7.68 -2.5 11
-1.536 -6.656 -2.5 11
-1.536 -5.632 -2.5 11
-1.536 2.56 -2.5 11
-1.536 3.584 -2.5 11
-1.536 4.608 -2.5 11
-1.536 5.632 -2.5 11
-1.536 6.656 -2.5 11
-1.536 7.68 -2.5 11
-1.536 8.704 -2.5 11
-1.536 10.752 -2.5 11
-1.536 12.8 -1.5 11
-1.536 14.848 -1.5 11
-1.536 18.944 -1.5 11
-1.536 26.112 -1.5 11
-1.536 50.688 0.5 16
-1.536 50.688 2.5 16
-0.511997 -50.688 -0.5 15
-0.511997 -50.688 0.5 15
-0.511997 -50.688 1.5 15
-0.511997 -50.688 2.5 15
-0.511997 -38.4 2.5 16
-0.511997 -37.376 2.5 16
-0.511997 -36.352 2.5 16
-0.511997 -35.328 2.5 16
-0.511997 -34.304 2.5 16
-0.511997 -33.28 2.5 16
-0.511997 -32.256 2.5 16
-0.511997 -31.232 2.5 16
-0.511997 -30.208 2.5 16
-0.511997 -27.136 -2.5 11
-0.511997 -20.992 -2.5 11
-0.511997 -17.92 -2.5 11
-0.511997 -14.848 -2.5 11
-0.511997 -12.8 -2.5 11
-0.511997 -11.776 -2.5 11
-0.511997 -10.752 -2.5 11
-0.511997 -9.728 -2.5 11
-0.511997 -8.704 -2.5 11
-0.511997 -7.68 -2.5 11
-0.511997 -6.656 -2.5 11
-0.511997 3.584 -2.5 11
-0.511997 4.608 -2.5 11
-0.511997 5.632 -2.5 11
-0.511997 6.656 -2.5 11
-0.511997 7.68 -2.5 11
-0.511997 8.704 -2.5 11
-0.511997 10.752 -2.5 11
-0.511997 10.752 -1.5 11
-0.511997 12.8 -1.5 11
-0.511997 14.848 -1.5 11
-0.511997 18.944 -1.5 11
-0.511997 26.112 -1.5 11
-0.511997 50.688 -0.5 14
-0.511997 50.688 0.5 16
-0.511997 50.688 2.5 16
0.512001 -50.688 -0.5 15
0.512001 -50.688 0.5 15
0.512001 -50.688 1.5 15
0.512001 -50.688 2.5 15
0.512001 -40.448 2.5 16
0.512001 -39.424 2.5 16
0.512001 -38.4 2.5 16
0.512001 -37.376 2.5 16
0.512001 -36.352 2.5 16
0.512001 -35.328 2.5 16
0.512001 -34.304 1.5 16
0.512001 -34.304 2.5 16
0.512001 -33.28 2.5 16
0.512001 -32.256 2.5 16
0.512001 -31.232 2.5 16
0.512001 -30.208 2.5 16
0.512001 -29.184 2.5 16
0.512001 -20.992 -2.5 11
0.512001 -17.92 -2.5 11
0.512001 -14.848 -2.5 11
0.512001 -12.8 -2.5 11
0.512001 -11.776 -2.5 11
0.512001 -10.752 -2.5 11
0.512001 -9.728 -2.5 11
0.512001 -8.704 -2.5 11
0.512001 -7.68 -2.5 11
0.512001 -6.656 -2.5 11
0.512001 -5.632 -2.5 11
0.512001 2.56 -2.5 11
0.512001 3.584 -2.5 11
0.512001 4.608 -2.5 11
0.512001 5.632 -2.5 11
0.512001 6.656 -2.5 11
0.512001 7.68 -2.5 11
0.512001 8.704 -2.5 11
0.512001 10.752 -2.5 11
0.512001 10.752 -1.5 11
0.512001 11.776 -1.5 11
0.512001 12.8 -1.5 11
0.512001 14.848 -1.5 11
0.512001 18.944 -1.5 11
0.512001 25.088 -1.5 11
0.512001 26.112 -1.5 11
0.512001 49.664 -0.5 14
0.512001 50.688 0.5 16
0.512001 50.688 2.5 16
1.536 -50.688 -0.5 15
1.536 -50.688 0.5 15
1.536 -50.688 1.5 15
1.536 -50.688 2.5 15
1.536 -40.448 2.5 16
1.536 -39.424 2.5 16
1.536 -38.4 2.5 16
1.536 -37.376 2.5 16
1.536 -36.352 2.5 16
1.536 -35.328 2.5 16
1.536 -34.304 2.5 16
1.536 -33.28 2.5 16
1.536 -32.256 2.5 16
1.536 -31.232 2.5 16
1.536 -30.208 2.5 16
1.536 -29.184 2.5 16
1.536 -27.136 -2.5 11
1.536 -22.016 -2.5 11
1.536 -20.992 -2.5 11
1.536 -17.92 -2.5 11
1.536 -14.848 -2.5 11
1.536 -13.824 -2.5 14
1.536 -12.8 -2.5 11
1.536 -11.776 -2.5 11
1.536 -10.752 -2.5 11
1.536 -9.728 -2.5 11
1.536 -8.704 -2.5 11
1.536 -7.68 -2.5 11
1.536 -6.656 -2.5 11
1.536 -5.632 -2.5 11
1.536 -4.608 -2.5 11
1.536 -3.584 -2.5 11
1.536 2.56 -2.5 11
1.536 3.584 -2.5 11
1.536 4.608 -2.5 11
1.536 5.632 -2.5 11
1.536 6.656 -2.5 11
1.536 7.68 -2.5 11
1.536 8.704 -2.5 11
1.536 9.728 -1.5 11
1.536 10.752 -2.5 11
1.536 11.776 -1.5 11
1.536 14.848 -1.5 11
1.536 18.944 -1.5 11
1.536 25.088 -1.5 11
1.536 26.112 -1.5 11
1.536 50.688 -0.5 14
1.536 50.688 0.5 16
1.536 50.688 2.5 16
2.56 -50.688 -0.5 15
2.56 -50.688 0.5 15
2.56 -50.688 1.5 15
2.56 -50.688 2.5 15
2.56 -41.472 2.5 16
2.56 -40.448 2.5 16
2.56 -39.424 2.5 16
2.56 -38.4 2.5 16
2.56 -37.376 2.5 16
2.56 -36.352 2.5 16
2.56 -35.328 2.5 16
2.56 -34.304 2.5 16
2.56 -33.28 2.5 16
2.56 -32.256 2.5 16
2.56 -31.232 -1.5 6
2.56 -31.232 2.5 16
2.56 -30.208 -1.5 6
2.56 -30.208 2.5 16
2.56 -29.184 -1.5 6
2.56 -29.184 2.5 16
2.56 -28.16 -1.5 6
2.56 -27.136 -1.5 6
2.56 -20.992 -2.5 11
2.56 -16.896 -2.5 11
2.56 -15.872 -2.5 14
2.56 -14.848 -2.5 14
2.56 -14.848 -1.5 16
2.56 -13.824 -2.5 14
2.56 -13.824 -1.5 4
2.56 -12.8 -2.5 4
2.56 -12.8 -1.5 4
2.56 -11.776 -2.5 11
2.56 -11.776 -1.5 4
2.56 -10.752 -2.5 11
2.56 -9.728 -2.5 11
2.56 -8.704 -2.5 11
2.56 -8.704 -1.5 4
2.56 -7.68 -2.5 11
2.56 -7.68 -1.5 4
2.56 -6.656 -2.5 11
2.56 -6.656 -1.5 4
2.56 -5.632 -2.5 11
2.56 -5.632 -1.5 4
2.56 -4.608 -2.5 11
2.56 -4.608 -1.5 4
2.56 -3.584 -2.5 11
2.56 -3.584 -1.5 4
2.56 -2.56 -2.5 11
2.56 -2.56 -1.5 4
2.56 -1.536 -2.5 11
2.56 -0.511997 -2.5 11
2.56 0.512001 -2.5 11
2.56 0.512001 -1.5 4
2.56 1.536 -2.5 11
2.56 1.536 -1.5 4
2.56 2.56 -2.5 11
2.56 2.56 -1.5 4
2.56 3.584 -2.5 11
2.56 3.584 -1.5 14
2.56 4.608 -2.5 11
2.56 4.608 -1.5 14
2.56 5.632 -2.5 11
2.56 6.656 -2.5 11
2.56 6.656 -1.5 14
2.56 7.68 -2.5 11
2.56 7.68 -1.5 14
2.56 8.704 -2.5 11
2.56 9.728 -2.5 11
2.56 9.728 -1.5 11
2.56 11.776 -1.5 11
2.56 14.848 -1.5 11
2.56 18.944 -1.5 11
2.56 25.088 -1.5 11
2.56 50.688 0.5 16
2.56 50.688 1.5 16
2.56 50.688 2.5 16
3.584 -50.688 -0.5 15
3.584 -50.688 0.5 15
3.584 -50.688 1.5 15
3.584 -50.688 2.5 15
3.584 -41.472 2.5 16
3.584 -40.448 2.5 16
3.584 -39.424 2.5 16
3.584 -38.4 2.5 16
3.584 -37.376 2.5 16
3.584 -36.352 2.5 16
3.584 -35.328 2.5 16
3.584 -34.304 2.5 16
3.584 -33.28 2.5 16
3.584 -32.256 2.5 16
3.584 -31.232 2.5 16
3.584 -30.208 2.5 16
3.584 -29.184 -1.5 6
3.584 -29.184 2.5 16
3.584 -28.16 -1.5 13
3.584 -26.112 -2.5 13
3.584 -20.992 -2.5 11
3.584 -13.824 -1.5 4
3.584 -12.8 -2.5 4
3.584 -12.8 -1.5 4
3.584 -11.776 -2.5 11
3.584 -11.776 -1.5 4
3.584 -10.752 -2.5 11
3.584 -8.704 -1.5 4
3.584 -7.68 -1.5 4
3.584 -6.656 -1.5 4
3.584 -5.632 -2.5 11
3.584 -5.632 -1.5 4
3.584 -4.608 -2.5 11
3.584 -4.608 -1.5 4
3.584 -3.584 -2.5 11
3.584 -3.584 -1.5 4
3.584 -2.56 -2.5 11
3.584 -2.56 -1.5 4
3.584 -1.536 -2.5 11
3.584 -0.511997 -2.5 11
3.584 0.512001 -2.5 11
3.584 0.512001 -1.5 4
3.584 1.536 -2.5 11
3.584 1.536 -1.5 4
3.584 2.56 -2.5 11
3.584 2.56 -1.5 4
3.584 3.584 -2.5 11
3.584 3.584 -1.5 4
3.584 4.608 -2.5 11
3.584 4.608 -1.5 4
3.584 5.632 -2.5 11
3.584 5.632 -1.5 4
3.584 6.656 -2.5 11
3.584 6.656 -1.5 4
3.584 7.68 -2.5 11
3.584 8.704 -2.5 11
3.584 9.728 -2.5 11
3.584 9.728 -1.5 4
3.584 10.752 -1.5 4
3.584 11.776 -1.5 11
3.584 13.824 -1.5 11
3.584 14.848 -1.5 11
3.584 16.896 -1.5 4
3.584 17.92 -1.5 14
3.584 18.944 -1.5 11
3.584 22.016 -1.5 14
3.584 23.04 -1.5 14
3.584 24.064 -1.5 14
3.584 25.088 -1.5 11
3.584 48.64 2.5 16
3.584 50.688 2.5 16
4.608 -50.688 -0.5 15
4.608 -50.688 0.5 15
4.608 -50.688 1.5 15
4.608 -50.688 2.5 15
4.608 -41.472 2.5 16
4.608 -40.448 2.5 16
4.608 -39.424 2.5 16
4.608 -38.4 2.5 16
4.608 -37.376 2.5 16
4.608 -36.352 2.5 16
4.608 -35.328 2.5 16
4.608 -34.304 2.5 16
4.608 -33.28 2.5 16
4.608 -32.256 2.5 16
4.608 -31.232 -1.5 7
4.608 -31.232 2.5 16
4.608 -30.208 -1.5 7
4.608 -30.208 2.5 16
4.608 -29.184 -1.5 7
4.608 -29.184 2.5 16
4.608 -22.016 -1.5 3
4.608 -13.824 -1.5 4
4.608 -12.8 -2.5 4
4.608 -12.8 -1.5 4
4.608 -8.704 -1.5 4
4.608 -7.68 -1.5 4
4.608 -6.656 -1.5 4
4.608 -5.632 -1.5 4
4.608 -4.608 -1.5 4
4.608 -3.584 -1.5 4
4.608 -3.584 -0.5 4
4.608 -2.56 -2.5 11
4.608 -2.56 -1.5 4
4.608 -1.536 -2.5 11
4.608 -0.511997 -2.5 11
4.608 -0.511997 -1.5 4
4.608 0.512001 -2.5 11
4.608 0.512001 -1.5 4
4.608 0.512001 -0.5 4
4.608 1.536 -1.5 4
4.608 1.536 -0.5 4
4.608 2.56 -2.5 11
4.608 2.56 -1.5 4
4.608 2.56 -0.5 4
4.608 3.584 -1.5 4
4.608 3.584 -0.5 4
4.608 4.608 -1.5 4
4.608 5.632 -2.5 11
4.608 5.632 -1.5 4
4.608 5.632 -0.5 4
4.608 6.656 -1.5 4
4.608 7.68 -2.5 11
4.608 8.704 -2.5 11
4.608 8.704 -1.5 11
4.608 9.728 -1.5 4
4.608 10.752 -1.5 11
4.608 13.824 -1.5 11
4.608 14.848 -1.5 11
4.608 16.896 -1.5 4
4.608 17.92 -1.5 11
4.608 22.016 -1.5 14
4.608 23.04 -1.5 14
4.608 24.064 -1.5 4
4.608 25.088 -1.5 4
4.608 50.688 2.5 16
5.632 -50.688 -0.5 15
5.632 -50.688 0.5 15
5.632 -50.688 1.5 15
5.632 -50.688 2.5 15
5.632 -41.472 2.5 16
5.632 -40.448 2.5 16
5.632 -39.424 2.5 16
5.632 -38.4 2.5 16
5.632 -37.376 2.5 16
5.632 -36.352 2.5 16
5.632 -35.328 2.5 16
5.632 -34.304 2.5 16
5.632 -33.28 2.5 16
5.632 -32.256 2.5 16
5.632 -31.232 2.5 16
5.632 -30.208 2.5 16
5.632 -29.184 -1.5 13
5.632 -25.088 -1.5 3
5.632 -25.088 -0.5 3
5.632 -24.064 -1.5 3
5.632 -24.064 -0.5 3
5.632 -23.04 -1.5 3
5.632 -23.04 -0.5 3
5.632 -23.04 0.5 3
5.632 -22.016 -1.5 3
5.632 -22.016 -0.5 3
5.632 -20.992 -1.5 3
5.632 -20.992 -0.5 3
5.632 -12.8 -1.5 4
5.632 -8.704 -1.5 4
5.632 -7.68 -1.5 4
5.632 -6.656 -1.5 4
5.632 -5.632 -1.5 4
5.632 -4.608 -1.5 4
5.632 -3.584 -2.5 11
5.632 -3.584 -1.5 4
5.632 -3.584 -0.5 4
5.632 -2.56 -2.5 11
5.632 -2.56 -1.5 4
5.632 -1.536 -2.5 11
5.632 -0.511997 -2.5 11
5.632 -0.511997 -1.5 4
5.632 0.512001 -2.5 11
5.632 0.512001 -1.5 4
5.632 0.512001 -0.5 4
5.632 1.536 -1.5 4
5.632 1.536 -0.5 4
5.632 2.56 -1.5 4
5.632 2.56 -0.5 4
5.632 3.584 -1.5 4
5.632 3.584 -0.5 4
5.632 4.608 -1.5 4
5.632 4.608 -0.5 4
5.632 5.632 -1.5 4
5.632 5.632 -0.5 4
5.632 6.656 -1.5 4
5.632 8.704 -2.5 11
5.632 9.728 -1.5 4
5.632 9.728 -0.5 4
5.632 10.752 -1.5 11
5.632 10.752 -0.5 4
5.632 15.872 -1.5 4
5.632 16.896 -1.5 4
5.632 16.896 -0.5 4
5.632 17.92 -1.5 11
5.632 24.064 -1.5 4
5.632 25.088 -1.5 4
5.632 50.688 2.5 16
6.656 -50.688 -0.5 15
6.656 -50.688 0.5 15
6.656 -50.688 1.5 15
6.656 -50.688 2.5 15
6.656 -40.448 2.5 16
6.656 -39.424 2.5 16
6.656 -38.4 2.5 16
6.656 -37.376 2.5 16
6.656 -36.352 2.5 16
6.656 -35.328 2.5 16
6.656 -34.304 2.5 16
6.656 -33.28 2.5 16
6.656 -32.256 2.5 16
6.656 -29.184 -1.5 13
6.656 -26.112 -1.5 3
6.656 -26.112 -0.5 3
6.656 -25.088 -1.5 3
6.656 -25.088 -0.5 3
6.656 -25.088 0.5 3
6.656 -24.064 -1.5 3
6.656 -24.064 -0.5 3
6.656 -24.064 0.5 3
6.656 -23.04 -1.5 3
6.656 -23.04 -0.5 3
6.656 -23.04 0.5 3
6.656 -22.016 -1.5 3
6.656 -22.016 -0.5 3
6.656 -20.992 -1.5 3
6.656 -20.992 -0.5 3
6.656 -7.68 -1.5 4
6.656 -6.656 -1.5 4
6.656 -3.584 -2.5 11
6.656 -3.584 -1.5 4
6.656 -2.56 -2.5 11
6.656 -2.56 -1.5 4
6.656 -1.536 -2.5 11
6.656 -0.511997 -2.5 11
6.656 -0.511997 -1.5 4
6.656 0.512001 -2.5 11
6.656 0.512001 -1.5 4
6.656 0.512001 -0.5 4
6.656 1.536 -1.5 4
6.656 2.56 -1.5 4
6.656 2.56 -0.5 4
6.656 3.584 -1.5 4
6.656 3.584 -0.5 4
6.656 4.608 -1.5 4
6.656 5.632 -1.5 4
6.656 9.728 -1.5 4
6.656 9.728 -0.5 4
6.656 16.896 -1.5 4
6.656 16.896 -0.5 4
6.656 50.688 2.5 16
7.68 -50.688 -0.5 15
7.68 -50.688 0.5 15
7.68 -50.688 1.5 15
7.68 -50.688 2.5 15
7.68 -40.448 2.5 16
7.68 -39.424 2.5 16
7.68 -38.4 2.5 16
7.68 -37.376 2.5 16
7.68 -36.352 2.5 16
7.68 -35.328 2.5 16
7.68 -34.304 2.5 16
7.68 -33.28 2.5 16
7.68 -29.184 -1.5 7
7.68 -26.112 -1.5 3
7.68 -26.112 -0.5 3
7.68 -25.088 -1.5 3
7.68 -25.088 -0.5 3
7.68 -25.088 0.5 3
7.68 -24.064 -1.5 3
7.68 -24.064 -0.5 3
7.68 -24.064 0.5 3
7.68 -23.04 -1.5 3
7.68 -23.04 -0.5 3
7.68 -23.04 0.5 3
7.68 -22.016 -1.5 3
7.68 -22.016 -0.5 3
7.68 -3.584 -2.5 14
7.68 -2.56 -2.5 14
7.68 -1.536 -2.5 14
7.68 -0.511997 -2.5 14
7.68 2.56 -1.5 4
7.68 9.728 -1.5 4
7.68 9.728 -0.5 4
7.68 50.688 2.5 16
8.704 -50.688 0.5 15
8.704 -40.448 2.5 16
8.704 -39.424 2.5 16
8.704 -38.4 2.5 16
8.704 -37.376 2.5 16
8.704 -25.088 -1.5 3
8.704 -25.088 -0.5 3
8.704 -25.088 0.5 3
8.704 -24.064 -1.5 3
8.704 -24.064 -0.5 3
8.704 -24.064 0.5 3
8.704 -23.04 -1.5 3
8.704 -23.04 -0.5 3
8.704 -23.04 0.5 3
8.704 -22.016 -1.5 3
8.704 -22.016 -0.5 3
8.704 -20.992 -0.5 3
8.704 -3.584 -2.5 14
8.704 -2.56 -2.5 14
8.704 -1.536 -2.5 14
8.704 -1.536 -1.5 14
8.704 -0.511997 -2.5 14
8.704 -0.511997 -1.5 14
8.704 50.688 2.5 16
9.728 -50.688 0.5 15
9.728 -50.688 2.5 15
9.728 -26.112 -0.5 3
9.728 -25.088 -1.5 3
9.728 -25.088 -0.5 3
9.728 -25.088 0.5 3
9.728 -24.064 -1.5 3
9.728 -24.064 -0.5 3
9.728 -24.064 0.5 3
9.728 -23.04 -1.5 3
9.728 -23.04 -0.5 3
9.728 -23.04 0.5 3
9.728 -22.016 -1.5 3
9.728 -22.016 -0.5 3
9.728 -20.992 -0.5 3
9.728 -16.896 1.5 16
9.728 -15.872 1.5 16
9.728 -3.584 -2.5 14
9.728 -3.584 -1.5 16
9.728 -2.56 -2.5 14
9.728 -1.536 -2.5 14
9.728 -1.536 -1.5 14
9.728 -0.511997 -2.5 14
9.728 0.512001 -2.5 14
9.728 32.256 2.5 16
9.728 33.28 2.5 16
9.728 34.304 2.5 16
9.728 36.352 2.5 16
9.728 38.4 2.5 16
9.728 50.688 2.5 16
10.752 -50.688 0.5 15
10.752 -50.688 2.5 15
10.752 -26.112 -0.5 3
10.752 -25.088 -1.5 3
10.752 -25.088 -0.5 3
10.752 -25.088 0.5 3
10.752 -24.064 -1.5 3
10.752 -24.064 -0.5 3
10.752 -24.064 0.5 3
10.752 -23.04 -1.5 3
10.752 -23.04 -0.5 3
10.752 -23.04 0.5 3
10.752 -22.016 -1.5 3
10.752 -22.016 -0.5 3
10.752 -22.016 0.5 3
10.752 -20.992 -0.5 3
10.752 -18.944 1.5 16
10.752 -18.944 2.5 16
10.752 -17.92 1.5 16
10.752 -16.896 1.5 16
10.752 -4.608 -1.5 4
10.752 -3.584 -2.5 14
10.752 -0.511997 -2.5 14
10.752 -0.511997 -1.5 4
10.752 0.512001 -1.5 4
10.752 34.304 2.5 16
10.752 35.328 2.5 16
10.752 36.352 2.5 16
10.752 50.688 2.5 16
11.776 -50.688 0.5 15
11.776 -50.688 2.5 15
11.776 -49.664 2.5 15
11.776 -48.64 2.5 15
11.776 -47.616 2.5 15
11.776 -46.592 2.5 15
11.776 -45.568 2.5 15
11.776 -44.544 2.5 15
11.776 -26.112 -0.5 3
11.776 -25.088 -1.5 3
11.776 -25.088 -0.5 3
11.776 -25.088 0.5 3
11.776 -24.064 -1.5 3
11.776 -24.064 -0.5 3
11.776 -24.064 0.5 3
11.776 -23.04 -1.5 3
11.776 -23.04 -0.5 3
11.776 -23.04 0.5 3
11.776 -22.016 -1.5 3
11.776 -22.016 -0.5 3
11.776 -22.016 0.5 3
11.776 -20.992 -0.5 3
11.776 -4.608 -1.5 4
11.776 -3.584 -2.5 4
11.776 -3.584 -1.5 4
11.776 -0.511997 -2.5 11
11.776 -0.511997 -1.5 4
11.776 0.512001 -1.5 4
11.776 4.608 -0.5 4
11.776 5.632 -0.5 4
11.776 35.328 2.5 16
11.776 36.352 2.5 16
11.776 37.376 2.5 16
11.776 50.688 2.5 16
12.8 -50.688 0.5 15
12.8 -50.688 2.5 15
12.8 -49.664 2.5 15
12.8 -48.64 2.5 15
12.8 -47.616 2.5 15
12.8 -46.592 2.5 15
12.8 -45.568 2.5 15
12.8 -44.544 2.5 15
12.8 -43.52 2.5 15
12.8 -25.088 -1.5 3
12.8 -25.088 -0.5 3
12.8 -25.088 0.5 3
12.8 -24.064 -1.5 3
12.8 -24.064 -0.5 3
12.8 -24.064 0.5 3
12.8 -23.04 -1.5 3
12.8 -23.04 -0.5 3
12.8 -23.04 0.5 3
12.8 -22.016 -1.5 3
12.8 -22.016 -0.5 3
12.8 -22.016 0.5 3
12.8 -20.992 -0.5 3
12.8 -4.608 -1.5 4
12.8 -3.584 -2.5 4
12.8 -3.584 -1.5 4
12.8 -1.536 -1.5 4
12.8 -0.511997 -1.5 4
12.8 -0.511997 -0.5 4
12.8 0.512001 -1.5 4
12.8 1.536 -1.5 4
12.8 3.584 -1.5 4
12.8 4.608 -1.5 4
12.8 4.608 -0.5 4
12.8 5.632 -0.5 4
12.8 6.656 -0.5 4
12.8 36.352 2.5 16
12.8 37.376 2.5 16
12.8 38.4 2.5 16
12.8 50.688 2.5 16
13.824 -50.688 2.5 15
13.824 -49.664 2.5 15
13.824 -48.64 2.5 15
13.824 -47.616 2.5 15
13.824 -46.592 2.5 15
13.824 -45.568 2.5 15
13.824 -44.544 2.5 15
13.824 -43.52 2.5 15
13.824 -25.088 -1.5 3
13.824 -25.088 -0.5 3
13.824 -25.088 0.5 3
13.824 -24.064 -1.5 3
13.824 -24.064 -0.5 3
13.824 -24.064 0.5 3
13.824 -23.04 -1.5 3
13.824 -23.04 -0.5 3
13.824 -23.04 0.5 3
13.824 -22.016 -1.5 3
13.824 -22.016 -0.5 3
13.824 -22.016 0.5 3
13.824 -20.992 -0.5 3
13.824 -4.608 -1.5 4
13.824 -3.584 -2.5 4
13.824 -3.584 -1.5 4
13.824 -0.511997 -1.5 4
13.824 4.608 -0.5 4
13.824 5.632 -0.5 4
13.824 6.656 -0.5 4
13.824 7.68 -0.5 4
13.824 50.688 2.5 16
14.848 -50.688 2.5 15
14.848 -49.664 2.5 15
14.848 -48.64 2.5 15
14.848 -47.616 2.5 15
14.848 -46.592 2.5 15
14.848 -45.568 2.5 15
14.848 -44.544 2.5 15
14.848 -43.52 2.5 15
14.848 -25.088 -1.5 3
14.848 -25.088 -0.5 3
14.848 -24.064 -1.5 3
14.848 -24.064 -0.5 3
14.848 -24.064 0.5 3
14.848 -23.04 -1.5 3
14.848 -23.04 -0.5 3
14.848 -23.04 0.5 3
14.848 -22.016 -1.5 3
14.848 -22.016 -0.5 3
14.848 -20.992 -0.5 3
14.848 -3.584 -2.5 11
14.848 -3.584 -1.5 4
14.848 -2.56 -2.5 11
14.848 50.688 2.5 16
15.872 -50.688 2.5 15
15.872 -49.664 2.5 15
15.872 -47.616 2.5 15
15.872 -46.592 2.5 15
15.872 -45.568 2.5 15
15.872 -44.544 2.5 15
15.872 -43.52 2.5 15
15.872 -25.088 -1.5 3
15.872 -25.088 -0.5 3
15.872 -25.088 0.5 3
15.872 -24.064 -1.5 3
15.872 -24.064 -0.5 3
15.872 -24.064 0.5 3
15.872 -23.04 -1.5 3
15.872 -23.04 -0.5 3
15.872 -23.04 0.5 3
15.872 -22.016 -1.5 3
15.872 -22.016 -0.5 3
15.872 -20.992 -0.5 3
15.872 50.688 2.5 16
16.896 -50.688 2.5 15
16.896 -49.664 2.5 15
16.896 -48.64 2.5 15
16.896 -47.616 2.5 15
16.896 -46.592 2.5 15
16.896 -45.568 2.5 15
16.896 -44.544 2.5 15
16.896 -43.52 2.5 15
16.896 -42.496 2.5 15
16.896 -26.112 -1.5 3
16.896 -26.112 -0.5 3
16.896 -25.088 -1.5 3
16.896 -25.088 -0.5 3
16.896 -25.088 0.5 3
16.896 -24.064 -1.5 3
16.896 -24.064 -0.5 3
16.896 -24.064 0.5 3
16.896 -23.04 -1.5 3
16.896 -23.04 -0.5 3
16.896 -23.04 0.5 3
16.896 -22.016 -1.5 3
16.896 -22.016 -0.5 3
16.896 50.688 2.5 16
17.92 -50.688 2.5 15
17.92 -49.664 2.5 15
17.92 -47.616 2.5 15
17.92 -46.592 2.5 15
17.92 -45.568 2.5 15
17.92 -44.544 2.5 15
17.92 -43.52 2.5 15
17.92 -42.496 2.5 15
17.92 -41.472 2.5 15
17.92 -26.112 -1.5 3
17.92 -25.088 -1.5 3
17.92 -25.088 -0.5 3
17.92 -25.088 0.5 3
17.92 -24.064 -1.5 3
17.92 -24.064 -0.5 3
17.92 -23.04 -1.5 3
17.92 -23.04 -0.5 3
17.92 -4.608 -2.5 11
17.92 -3.584 -2.5 11
17.92 -1.536 -2.5 11
17.92 50.688 2.5 16
18.944 -50.688 2.5 15
18.944 -45.568 2.5 15
18.944 -44.544 2.5 15
18.944 -43.52 2.5 15
18.944 -42.496 2.5 15
18.944 -41.472 2.5 15
18.944 -26.112 -1.5 3
18.944 -26.112 -0.5 3
18.944 -25.088 -1.5 3
18.944 -25.088 -0.5 3
18.944 -25.088 0.5 3
18.944 -24.064 -1.5 3
18.944 -24.064 -0.5 3
18.944 50.688 2.5 16
19.968 -43.52 2.5 15
19.968 -42.496 2.5 15
19.968 -41.472 2.5 15
19.968 -27.136 -1.5 3
19.968 -26.112 -1.5 3
19.968 -25.088 -0.5 3
19.968 50.688 2.5 16
20.992 -50.688 2.5 15
20.992 -43.52 2.5 15
20.992 -42.496 2.5 15
20.992 -41.472 2.5 15
20.992 -40.448 2.5 15
20.992 -27.136 -1.5 3
20.992 -27.136 -0.5 3
20.992 -10.752 -1.5 10
20.992 -9.728 -1.5 10
20.992 50.688 2.5 16
22.016 -50.688 2.5 15
22.016 -42.496 2.5 15
22.016 -41.472 2.5 15
22.016 50.688 2.5 16
23.04 -50.688 2.5 15
23.04 -42.496 2.5 15
23.04 -41.472 2.5 15
23.04 -29.184 -1.5 7
23.04 -11.776 -1.5 10
23.04 -11.776 -0.5 10
23.04 -10.752 -1.5 10
23.04 -10.752 -0.5 10
23.04 -9.728 -1.5 10
23.04 -9.728 -0.5 10
23.04 -5.632 -2.5 4
23.04 -2.56 -2.5 4
23.04 -1.536 -2.5 4
23.04 -1.536 -1.5 4
23.04 27.136 2.5 16
23.04 28.16 2.5 16
23.04 29.184 2.5 16
23.04 30.208 2.5 16
23.04 31.232 2.5 16
23.04 50.688 2.5 16
24.064 -42.496 2.5 15
24.064 -31.232 -1.5 7
24.064 -30.208 -1.5 7
24.064 -12.8 -0.5 10
24.064 -11.776 -0.5 10
24.064 -10.752 -1.5 10
24.064 -10.752 -0.5 10
24.064 -9.728 -1.5 10
24.064 -9.728 -0.5 10
24.064 -4.608 -2.5 14
24.064 -1.536 -1.5 4
24.064 28.16 2.5 16
24.064 29.184 2.5 16
24.064 30.208 2.5 16
24.064 31.232 2.5 16
24.064 50.688 2.5 16
25.088 -32.256 -1.5 7
25.088 -31.232 -1.5 7
25.088 -10.752 -1.5 10
25.088 -10.752 -0.5 10
25.088 -9.728 -1.5 10
25.088 -9.728 -0.5 10
25.088 -6.656 2.5 16
25.088 -4.608 2.5 16
25.088 -3.584 2.5 16
25.088 27.136 2.5 16
25.088 28.16 2.5 16
25.088 29.184 2.5 16
25.088 30.208 2.5 16
25.088 31.232 2.5 16
25.088 32.256 2.5 16
25.088 50.688 2.5 16
26.112 -33.28 -1.5 7
26.112 -32.256 -1.5 7
26.112 -23.04 -1.5 7
26.112 -10.752 -0.5 10
26.112 -9.728 -1.5 10
26.112 -9.728 -0.5 10
26.112 -8.704 2.5 16
26.112 -7.68 2.5 16
26.112 -6.656 2.5 16
26.112 -5.632 2.5 16
26.112 -4.608 2.5 16
26.112 -3.584 2.5 16
26.112 -2.56 2.5 16
26.112 -1.536 2.5 16
26.112 -0.511997 2.5 16
26.112 0.512001 2.5 16
26.112 7.68 2.5 16
26.112 9.728 2.5 16
26.112 10.752 2.5 16
26.112 11.776 2.5 16
26.112 12.8 2.5 16
26.112 13.824 2.5 16
26.112 14.848 2.5 16
26.112 15.872 2.5 16
26.112 16.896 2.5 16
26.112 17.92 2.5 16
26.112 18.944 2.5 16
26.112 22.016 2.5 16
26.112 23.04 2.5 16
26.112 24.064 2.5 16
26.112 25.088 2.5 16
26.112 27.136 2.5 16
26.112 28.16 2.5 16
26.112 29.184 2.5 16
26.112 30.208 2.5 16
26.112 31.232 2.5 16
26.112 32.256 2.5 16
26.112 33.28 2.5 16
26.112 34.304 2.5 16
26.112 35.328 2.5 16
26.112 50.688 2.5 16
27.136 -34.304 -1.5 7
27.136 -33.28 -1.5 7
27.136 -24.064 -1.5 7
27.136 -23.04 -1.5 7
27.136 -10.752 -0.5 10
27.136 -9.728 -1.5 10
27.136 -9.728 -0.5 10
27.136 -8.704 2.5 16
27.136 -7.68 2.5 16
27.136 -6.656 2.5 16
27.136 -4.608 2.5 16
27.136 -3.584 2.5 16
27.136 9.728 2.5 16
27.136 10.752 2.5 16
27.136 11.776 2.5 16
27.136 12.8 2.5 16
27.136 13.824 2.5 16
27.136 14.848 2.5 16
27.136 15.872 2.5 16
27.136 16.896 2.5 16
27.136 17.92 2.5 16
27.136 18.944 2.5 16
27.136 24.064 2.5 16
27.136 25.088 2.5 16
27.136 28.16 2.5 16
27.136 29.184 2.5 16
27.136 30.208 2.5 16
27.136 31.232 2.5 16
27.136 32.256 2.5 16
27.136 33.28 2.5 16
27.136 50.688 2.5 16
28.16 -42.496 2.5 15
28.16 -41.472 2.5 15
28.16 -40.448 2.5 15
28.16 -39.424 2.5 15
28.16 -36.352 2.5 15
28.16 -35.328 -1.5 7
28.16 -25.088 -1.5 7
28.16 -24.064 -1.5 7
28.16 -10.752 0.5 10
28.16 -9.728 2.5 16
28.16 -8.704 2.5 16
28.16 -7.68 2.5 16
28.16 -6.656 2.5 16
28.16 -4.608 2.5 16
28.16 -3.584 2.5 16
28.16 8.704 2.5 16
28.16 9.728 2.5 16
28.16 10.752 2.5 16
28.16 11.776 2.5 16
28.16 12.8 2.5 16
28.16 13.824 2.5 16
28.16 14.848 2.5 16
28.16 15.872 2.5 16
28.16 16.896 2.5 16
28.16 17.92 2.5 16
28.16 18.944 2.5 16
28.16 25.088 2.5 16
28.16 29.184 2.5 16
28.16 30.208 2.5 16
28.16 31.232 2.5 16
28.16 32.256 2.5 16
28.16 33.28 2.5 16
28.16 50.688 2.5 16
29.184 -42.496 2.5 15
29.184 -41.472 2.5 15
29.184 -40.448 2.5 15
29.184 -39.424 2.5 15
29.184 -38.4 2.5 15
29.184 -37.376 2.5 15
29.184 -36.352 -1.5 7
29.184 -36.352 2.5 15
29.184 -35.328 2.5 15
29.184 -34.304 2.5 15
29.184 -26.112 -1.5 7
29.184 -25.088 -1.5 7
29.184 -11.776 2.5 16
29.184 -10.752 -0.5 10
29.184 -10.752 2.5 16
29.184 -9.728 2.5 16
29.184 -8.704 2.5 16
29.184 -7.68 2.5 16
29.184 -6.656 2.5 16
29.184 -5.632 2.5 16
29.184 -4.608 2.5 16
29.184 -3.584 2.5 16
29.184 -2.56 2.5 16
29.184 -1.536 2.5 16
29.184 -0.511997 2.5 16
29.184 0.512001 2.5 16
29.184 7.68 2.5 16
29.184 8.704 2.5 16
29.184 9.728 2.5 16
29.184 10.752 2.5 16
29.184 11.776 2.5 16
29.184 12.8 2.5 16
29.184 13.824 2.5 16
29.184 14.848 2.5 16
29.184 15.872 2.5 16
29.184 16.896 2.5 16
29.184 17.92 2.5 16
29.184 18.944 2.5 16
29.184 19.968 2.5 16
29.184 25.088 2.5 16
29.184 30.208 2.5 16
29.184 31.232 2.5 16
29.184 32.256 2.5 16
29.184 50.688 2.5 16
30.208 -42.496 2.5 15
30.208 -41.472 2.5 15
30.208 -40.448 2.5 15
30.208 -39.424 2.5 15
30.208 -38.4 2.5 15
30.208 -37.376 2.5 15
30.208 -36.352 -0.5 15
30.208 -36.352 0.5 15
30.208 -36.352 1.5 15
30.208 -36.352 2.5 15
30.208 -35.328 0.5 15
30.208 -35.328 1.5 15
30.208 -35.328 2.5 15
30.208 -34.304 2.5 15
30.208 -27.136 -1.5 7
30.208 -26.112 -1.5 7
30.208 -25.088 -1.5 7
30.208 -11.776 2.5 16
30.208 -10.752 -0.5 10
30.208 -10.752 0.5 10
30.208 -10.752 2.5 16
30.208 -9.728 2.5 16
30.208 -8.704 2.5 16
30.208 -7.68 2.5 16
30.208 -6.656 1.5 16
30.208 -6.656 2.5 16
30.208 -5.632 2.5 16
30.208 -4.608 2.5 16
30.208 -3.584 2.5 16
30.208 -2.56 2.5 16
30.208 -1.536 2.5 16
30.208 -0.511997 2.5 16
30.208 0.512001 2.5 16
30.208 1.536 2.5 16
30.208 7.68 2.5 16
30.208 8.704 2.5 16
30.208 9.728 2.5 16
30.208 10.752 2.5 16
30.208 11.776 2.5 16
30.208 12.8 2.5 16
30.208 13.824 2.5 16
30.208 14.848 1.5 16
30.208 14.848 2.5 16
30.208 15.872 2.5 16
30.208 16.896 2.5 16
30.208 17.92 2.5 16
30.208 18.944 2.5 16
30.208 19.968 2.5 16
30.208 20.992 2.5 16
30.208 31.232 2.5 16
30.208 32.256 2.5 16
30.208 33.28 2.5 16
30.208 50.688 2.5 16
31.232 -43.52 2.5 15
31.232 -42.496 2.5 15
31.232 -41.472 2.5 15
31.232 -40.448 2.5 15
31.232 -39.424 2.5 15
31.232 -38.4 2.5 15
31.232 -37.376 2.5 15
31.232 -36.352 2.5 15
31.232 -35.328 2.5 15
31.232 -34.304 2.5 15
31.232 -27.136 -1.5 7
31.232 -26.112 -1.5 7
31.232 -12.8 2.5 16
31.232 -11.776 2.5 16
31.232 -10.752 2.5 16
31.232 -9.728 2.5 16
31.232 -8.704 2.5 16
31.232 -7.68 2.5 16
31.232 -6.656 2.5 16
31.232 -5.632 2.5 16
31.232 -4.608 2.5 16
31.232 -3.584 2.5 16
31.232 -2.56 2.5 16
31.232 -1.536 2.5 16
31.232 -0.511997 2.5 16
31.232 0.512001 2.5 16
31.232 8.704 2.5 16
31.232 9.728 2.5 16
31.232 10.752 2.5 16
31.232 11.776 2.5 16
31.232 12.8 2.5 16
31.232 13.824 2.5 16
31.232 14.848 2.5 16
31.232 15.872 2.5 16
31.232 16.896 2.5 16
31.232 17.92 2.5 16
31.232 18.944 2.5 16
31.232 19.968 2.5 16
31.232 20.992 2.5 16
31.232 22.016 2.5 16
31.232 28.16 2.5 16
31.232 29.184 2.5 16
31.232 32.256 2.5 16
31.232 33.28 2.5 16
31.232 34.304 2.5 16
31.232 35.328 2.5 16
31.232 50.688 2.5 16
32.256 -43.52 2.5 15
32.256 -42.496 2.5 15
32.256 -41.472 2.5 15
32.256 -36.352 2.5 15
32.256 -35.328 2.5 15
32.256 -34.304 2.5 15
32.256 -33.28 2.5 15
32.256 -28.16 -1.5 7
32.256 -27.136 -1.5 7
32.256 -12.8 2.5 16
32.256 -11.776 2.5 16
32.256 -10.752 2.5 16
32.256 -8.704 2.5 16
32.256 -7.68 2.5 16
32.256 -6.656 2.5 16
32.256 -5.632 2.5 16
32.256 -4.608 2.5 16
32.256 -3.584 2.5 16
32.256 -2.56 2.5 16
32.256 -1.536 2.5 16
32.256 -0.511997 2.5 16
32.256 0.512001 2.5 16
32.256 8.704 2.5 16
32.256 9.728 2.5 16
32.256 10.752 2.5 16
32.256 11.776 2.5 16
32.256 12.8 2.5 16
32.256 13.824 2.5 16
32.256 14.848 2.5 16
32.256 15.872 2.5 16
32.256 50.688 2.5 16
33.28 -37.376 2.5 15
33.28 -36.352 2.5 15
33.28 -35.328 2.5 15
33.28 -34.304 2.5 15
33.28 -33.28 -1.5 7
33.28 -33.28 2.5 15
33.28 -13.824 2.5 16
33.28 -12.8 2.5 16
33.28 -11.776 2.5 16
33.28 -10.752 2.5 16
33.28 -7.68 2.5 16
33.28 -6.656 2.5 16
33.28 -5.632 2.5 16
33.28 -4.608 2.5 16
33.28 -3.584 2.5 16
33.28 -2.56 2.5 16
33.28 -1.536 2.5 16
33.28 -0.511997 2.5 16
33.28 0.512001 2.5 16
33.28 9.728 2.5 16
33.28 10.752 2.5 16
33.28 11.776 2.5 16
33.28 12.8 2.5 16
33.28 13.824 2.5 16
33.28 14.848 2.5 16
33.28 15.872 2.5 16
33.28 50.688 2.5 16
34.304 -37.376 2.5 15
34.304 -36.352 2.5 15
34.304 -35.328 2.5 15
34.304 -34.304 -1.5 7
34.304 -34.304 -0.5 7
34.304 -34.304 2.5 15
34.304 -12.8 2.5 16
34.304 -11.776 2.5 16
34.304 50.688 2.5 16
35.328 -37.376 2.5 15
35.328 -36.352 2.5 15
35.328 -35.328 -1.5 7
35.328 -35.328 -0.5 7
35.328 -35.328 2.5 15
35.328 -34.304 2.5 15
35.328 50.688 2.5 16
36.352 -37.376 2.5 15
36.352 -36.352 -1.5 7
36.352 -36.352 -0.5 7
36.352 -36.352 2.5 15
36.352 50.688 2.5 16
37.376 -37.376 -0.5 7
37.376 50.688 2.5 16
38.4 -38.4 -1.5 7
38.4 -38.4 2.5 15
38.4 -37.376 2.5 15
38.4 -36.352 2.5 15
38.4 -35.328 2.5 15
38.4 -34.304 2.5 15
38.4 50.688 2.5 16
39.424 -37.376 2.5 15
39.424 -36.352 2.5 15
39.424 -35.328 2.5 15
39.424 -34.304 2.5 15
39.424 15.872 2.5 15
39.424 16.896 1.5 15
39.424 16.896 2.5 15
39.424 17.92 2.5 15
39.424 18.944 2.5 15
39.424 50.688 2.5 16
40.448 -37.376 2.5 15
40.448 -36.352 2.5 15
40.448 -35.328 2.5 15
40.448 16.896 2.5 15
40.448 17.92 2.5 15
40.448 18.944 2.5 15
40.448 19.968 2.5 15
40.448 20.992 2.5 15
40.448 50.688 2.5 16
41.472 -37.376 2.5 15
41.472 -36.352 2.5 15
41.472 -35.328 2.5 15
41.472 -11.776 2.5 15
41.472 -10.752 2.5 15
41.472 16.896 2.5 15
41.472 17.92 2.5 15
41.472 18.944 2.5 15
41.472 50.688 2.5 16
42.496 -36.352 2.5 15
42.496 -35.328 2.5 15
42.496 -14.848 2.5 15
42.496 -13.824 2.5 15
42.496 -12.8 2.5 15
42.496 -11.776 -0.5 15
42.496 -11.776 0.5 15
42.496 -11.776 1.5 15
42.496 -11.776 2.5 15
42.496 -10.752 -0.5 15
42.496 -10.752 0.5 15
42.496 -10.752 1.5 15
42.496 -10.752 2.5 15
42.496 -9.728 2.5 15
42.496 -8.704 2.5 15
42.496 14.848 2.5 15
42.496 15.872 2.5 15
42.496 16.896 2.5 15
42.496 17.92 2.5 15
42.496 50.688 2.5 16
43.52 -36.352 2.5 15
43.52 -16.896 2.5 15
43.52 -15.872 2.5 15
43.52 -10.752 -0.5 15
43.52 -10.752 2.5 15
43.52 -6.656 2.5 15
43.52 -5.632 -0.5 15
43.52 -5.632 0.5 15
43.52 -5.632 1.5 15
43.52 -5.632 2.5 15
43.52 -4.608 -1.5 15
43.52 -4.608 -0.5 15
43.52 -4.608 0.5 15
43.52 -4.608 1.5 15
43.52 -4.608 2.5 15
43.52 -1.536 0.5 15
43.52 -1.536 1.5 15
43.52 -1.536 2.5 15
43.52 -0.511997 2.5 15
43.52 0.512001 2.5 15
43.52 1.536 2.5 15
43.52 12.8 2.5 15
43.52 13.824 2.5 15
43.52 14.848 2.5 15
43.52 15.872 2.5 15
43.52 16.896 2.5 15
43.52 50.688 2.5 16
44.544 -37.376 2.5 15
44.544 -36.352 2.5 15
44.544 -35.328 2.5 15
44.544 -17.92 2.5 15
44.544 -16.896 2.5 15
44.544 0.512001 2.5 15
44.544 3.584 2.5 15
44.544 4.608 -0.5 15
44.544 4.608 2.5 15
44.544 5.632 -0.5 15
44.544 5.632 2.5 15
44.544 6.656 1.5 15
44.544 6.656 2.5 15
44.544 7.68 2.5 15
44.544 8.704 2.5 15
44.544 9.728 -0.5 15
44.544 9.728 0.5 15
44.544 9.728 1.5 15
44.544 9.728 2.5 15
44.544 10.752 -0.5 15
44.544 10.752 0.5 15
44.544 10.752 1.5 15
44.544 10.752 2.5 15
44.544 11.776 -0.5 15
44.544 11.776 0.5 15
44.544 11.776 1.5 15
44.544 11.776 2.5 15
44.544 12.8 -0.5 15
44.544 12.8 0.5 15
44.544 12.8 1.5 15
44.544 12.8 2.5 15
44.544 13.824 -0.5 15
44.544 13.824 0.5 15
44.544 13.824 1.5 15
44.544 13.824 2.5 15
44.544 14.848 0.5 15
44.544 14.848 1.5 15
44.544 14.848 2.5 15
44.544 15.872 0.5 15
44.544 15.872 1.5 15
44.544 15.872 2.5 15
44.544 16.896 1.5 15
44.544 16.896 2.5 15
44.544 50.688 2.5 16
45.568 -37.376 2.5 15
45.568 -36.352 2.5 15
45.568 -35.328 2.5 15
45.568 -34.304 2.5 15
45.568 -23.04 2.5 15
45.568 -22.016 2.5 15
45.568 4.608 -0.5 15
45.568 4.608 2.5 15
45.568 5.632 -0.5 15
45.568 5.632 0.5 15
45.568 5.632 2.5 15
45.568 6.656 1.5 15
45.568 6.656 2.5 15
45.568 7.68 2.5 15
45.568 8.704 2.5 15
45.568 9.728 0.5 15
45.568 9.728 1.5 15
45.568 9.728 2.5 15
45.568 10.752 -0.5 15
45.568 10.752 0.5 15
45.568 10.752 1.5 15
45.568 10.752 2.5 15
45.568 11.776 -0.5 15
45.568 11.776 0.5 15
45.568 11.776 1.5 15
45.568 11.776 2.5 15
45.568 12.8 -0.5 15
45.568 12.8 0.5 15
45.568 12.8 1.5 15
45.568 12.8 2.5 15
45.568 13.824 -0.5 15
45.568 13.824 0.5 15
45.568 13.824 1.5 15
45.568 13.824 2.5 15
45.568 14.848 0.5 15
45.568 14.848 1.5 15
45.568 14.848 2.5 15
45.568 15.872 1.5 15
45.568 15.872 2.5 15
45.568 50.688 2.5 15
46.592 -37.376 2.5 15
46.592 -36.352 0.5 15
46.592 -36.352 2.5 15
46.592 -35.328 0.5 15
46.592 -35.328 1.5 15
46.592 -35.328 2.5 15
46.592 -34.304 0.5 15
46.592 -34.304 1.5 15
46.592 -34.304 2.5 15
46.592 -33.28 2.5 15
46.592 -24.064 0.5 15
46.592 -24.064 1.5 15
46.592 -24.064 2.5 15
46.592 -23.04 2.5 15
46.592 8.704 2.5 15
46.592 50.688 2.5 15
47.616 -36.352 2.5 15
47.616 -35.328 0.5 15
47.616 -35.328 2.5 15
47.616 -34.304 0.5 15
47.616 -34.304 1.5 15
47.616 -34.304 2.5 15
47.616 -33.28 2.5 15
47.616 -32.256 2.5 15
47.616 -25.088 0.5 15
47.616 -25.088 1.5 15
47.616 -25.088 2.5 15
47.616 50.688 2.5 16
48.64 -35.328 2.5 15
48.64 -34.304 0.5 15
48.64 -34.304 1.5 15
48.64 -34.304 2.5 15
48.64 -33.28 2.5 15
48.64 -32.256 2.5 15
48.64 -28.16 0.5 15
48.64 -28.16 1.5 15
48.64 -28.16 2.5 15
48.64 -27.136 0.5 15
48.64 -27.136 1.5 15
48.64 50.688 2.5 16
49.664 -33.28 2.5 15
49.664 -32.256 2.5 15
49.664 -31.232 2.5 15
49.664 -30.208 2.5 15
49.664 -28.16 1.5 15
49.664 50.688 2.5 16
50.688 -37.376 2.5 15
50.688 -36.352 2.5 15
50.688 -35.328 2.5 15
50.688 -34.304 2.5 15
50.688 -33.28 2.5 15
50.688 -32.256 2.5 15
50.688 -31.232 2.5 15
50.688 50.688 2.5 15
